StartDate,EndDate,Status,IPAddress,Progress,Duration (in seconds),Finished,RecordedDate,ResponseId,RecipientLastName,RecipientFirstName,RecipientEmail,ExternalReference,LocationLatitude,LocationLongitude,DistributionChannel,UserLanguage,id,tas_1,tas_2,tas_3,tas_4,tas_5,tas_6,tas_7,tas_8,tas_9,tas_10,tas_11,tas_12,tas_13,tas_14,tas_15,tas_16,tas_17,tas_18,tas_19,tas_20,DASS_1,DASS_2,DASS_3,DASS_4,DASS_5,DASS_6,DASS_7,DASS_8,DASS_9,DASS_10,DASS_11,DASS_12,DASS_13,DASS_14,DASS_15,DASS_16,DASS_17,DASS_18,DASS_19,DASS_20,DASS_21,age,gender,yearsplay,musichours,tas_4r,tas_5r,tas_10r,tas_18r,tas_19r,participant,EOT,DDF,DIF,TAS,TASc,depression
6/5/19 16:53,6/5/19 17:55,0,*******,100,3717,1,6/5/19 17:55,R_1otXbAzRrbxli8u,*******,*******,*******,*******,*******,*******,anonymous,EN,1,2,2,2,4,4,2,2,2,2,4,5,2,3,2,1,2,4,4,3,2,1,1,1,0,1,1,0,0,1,1,0,0,0,0,0,0,0,0,0,0,0,17,Male,5+,1,2,2,2,2,3,1,16,15,15,46,-4.310924369747902,3
6/5/19 17:56,6/5/19 18:52,0,*******,100,3374,1,6/5/19 18:52,R_3e38HshnmqD1O0W,*******,*******,*******,*******,*******,*******,anonymous,EN,2,3,4,2,2,2,4,3,1,4,4,4,4,4,4,3,2,4,4,3,2,2,1,1,3,2,3,3,3,3,2,1,2,2,2,3,2,3,1,2,3,2,17,Female,3,2,4,4,2,2,3,2,19,20,24,63,12.689075630252098,14
6/5/19 18:58,6/5/19 19:55,0,*******,100,3418,1,6/5/19 19:55,R_TtF1TaA7OWr8GiJ,*******,*******,*******,*******,*******,*******,anonymous,EN,3,2,2,4,2,4,2,2,2,4,4,4,4,2,2,2,4,5,5,4,1,2,1,1,1,2,1,0,2,2,2,1,3,2,1,1,0,0,0,1,1,0,17,female,5+,6,4,2,2,1,2,3,16,19,18,53,2.6890756302520984,7
6/5/19 20:48,6/5/19 21:54,0,*******,100,3943,1,6/5/19 21:54,R_2ovqf98XL9ouHsZ,*******,*******,*******,*******,*******,*******,anonymous,EN,4,2,2,3,4,5,2,2,5,2,2,2,2,2,2,2,1,1,5,3,1,2,0,1,1,3,1,2,1,1,2,1,3,1,3,2,1,0,0,1,2,0,21,Male,0,6,2,1,4,1,3,4,18,9,15,42,-8.310924369747902,8
6/5/19 21:57,6/5/19 22:54,0,*******,100,3435,1,6/5/19 22:54,R_2dN3LUs9vV8Pq1O,*******,*******,*******,*******,*******,*******,anonymous,EN,5,2,2,1,4,4,2,1,1,2,4,3,2,1,1,4,4,4,4,5,2,0,0,0,0,1,0,0,1,0,1,2,0,0,1,0,0,0,1,1,0,0,18,Female,5+,1,2,2,2,2,1,5,18,13,10,41,-9.310924369747902,2
6/5/19 22:56,6/5/19 23:59,0,*******,100,3784,1,6/5/19 23:59,R_80vDrurtKP0QgFP,*******,*******,*******,*******,*******,*******,anonymous,EN,6,2,2,1,4,4,1,1,2,2,4,2,4,2,1,1,2,4,4,2,2,1,1,0,0,2,1,0,0,0,0,1,1,0,1,0,0,0,1,0,0,0,17,Female,2,4,2,2,2,2,4,6,17,14,10,41,-9.310924369747902,2
7/5/19 0:00,7/5/19 0:54,0,*******,100,3236,1,7/5/19 0:54,R_301v6LthZ0CzkOW,*******,*******,*******,*******,*******,*******,anonymous,EN,7,4,5,1,2,4,5,3,2,4,4,2,1,3,4,2,3,5,4,2,3,1,0,0,0,0,1,0,1,1,0,0,0,0,0,0,0,0,1,1,0,0,17,Girl/Female,5+,4,4,2,2,2,4,7,20,17,24,61,10.689075630252098,0
7/5/19 20:44,7/5/19 22:01,0,*******,100,4650,1,7/5/19 22:01,R_s7t0k4cBvqP3jJn,*******,*******,*******,*******,*******,*******,anonymous,EN,8,2,3,1,4,2,1,1,3,2,5,2,1,1,1,3,1,1,3,4,2,0,0,0,0,0,1,0,0,0,0,0,0,0,0,0,0,0,1,1,0,0,20,female,3,3,2,4,1,3,2,8,19,9,9,37,-13.310924369747902,0
7/5/19 22:48,7/5/19 23:00,0,*******,100,749,1,7/5/19 23:00,R_3oTOxAVl5KWuhoA,*******,*******,*******,*******,*******,*******,anonymous,EN,9,5,4,4,1,4,5,4,3,5,5,5,4,5,3,1,2,2,4,4,2,2,1,1,0,2,3,3,2,2,2,3,2,2,1,3,0,0,1,0,1,0,20,Female,5+,3,5,2,1,2,2,9,15,20,31,66,15.689075630252098,7
7/5/19 23:53,8/5/19 1:01,0,*******,100,4042,1,8/5/19 1:01,R_3CJHHCQhSyVn35D,*******,*******,*******,*******,*******,*******,anonymous,EN,10,2,4,1,3,5,2,1,2,2,4,2,5,2,1,3,1,4,5,4,1,1,0,1,0,2,1,0,0,0,0,1,1,1,1,0,0,0,1,1,0,0,23,Female,5+,2,3,1,2,1,2,10,13,18,11,42,-8.310924369747902,4
8/5/19 1:09,8/5/19 17:57,0,*******,100,60478,1,8/5/19 17:57,R_309agQ1Sna7jkpy,*******,*******,*******,*******,*******,*******,anonymous,EN,11,3,2,2,4,4,2,2,3,2,4,2,2,2,2,2,2,2,4,4,2,2,0,0,0,0,1,0,2,1,1,0,1,0,0,0,0,0,0,0,0,0,25,female,0,4,2,2,2,2,2,11,17,10,15,42,-8.310924369747902,1
8/5/19 18:04,8/5/19 20:00,0,*******,100,6947,1,8/5/19 20:00,R_2whiqmLGy2d35pp,*******,*******,*******,*******,*******,*******,anonymous,EN,13,4,4,2,4,2,4,4,2,3,5,2,2,2,3,2,2,4,4,4,4,0,1,0,0,0,2,0,0,2,0,0,0,1,0,0,0,0,1,1,1,1,18,female,5+,3,2,4,1,2,2,13,19,14,22,55,4.689075630252098,2
8/5/19 20:51,8/5/19 21:53,0,*******,100,3699,1,8/5/19 21:53,R_5tNuedealRbXAOZ,*******,*******,*******,*******,*******,*******,anonymous,EN,14,1,2,2,5,3,2,2,2,4,5,2,2,2,2,2,1,1,4,4,3,1,0,0,1,3,1,1,1,3,1,1,0,1,2,0,1,0,0,0,0,0,18,Female,0,6,1,3,1,2,2,14,16,8,15,39,-11.310924369747902,6
8/5/19 22:51,8/5/19 22:59,0,*******,100,467,1,8/5/19 22:59,R_2ANpHWcwv2i36M3,*******,*******,*******,*******,*******,*******,anonymous,EN,15,2,1,1,4,4,2,2,2,1,5,1,1,1,2,1,2,1,5,5,2,1,0,0,0,1,1,0,1,2,0,1,1,0,1,1,0,0,0,2,0,0,17,Female,1,2,2,2,1,1,1,15,12,6,11,29,-21.3109243697479,1
8/5/19 23:54,9/5/19 0:01,0,*******,100,391,1,9/5/19 0:01,R_2PuRFHYoITSgcPJ,*******,*******,*******,*******,*******,*******,anonymous,EN,16,4,3,3,4,3,1,2,1,4,5,3,1,1,2,1,3,3,5,5,1,3,3,1,2,3,0,0,1,0,1,2,3,1,1,2,0,0,1,0,1,0,17,Female,0,6,2,3,1,1,1,16,12,12,17,41,-9.310924369747902,6
8/5/19 23:57,9/5/19 0:10,0,*******,100,733,1,9/5/19 0:10,R_87Vu4fzkp2bWKEp,*******,*******,*******,*******,*******,*******,anonymous,EN,12,4,3,2,2,4,4,2,2,4,5,5,3,4,5,4,2,4,4,5,2,1,1,0,1,1,1,1,1,1,1,1,1,1,1,1,1,1,1,0,1,0,21,Female,5+,4,4,2,1,2,1,12,16,19,25,60,9.689075630252098,5
9/5/19 0:20,9/5/19 1:05,0,*******,100,2692,1,9/5/19 1:05,R_2uUowrGXcdbwT1K,*******,*******,*******,*******,*******,*******,anonymous,EN,17,4,3,2,3,4,3,2,2,4,4,3,2,3,2,3,2,3,4,2,2,1,1,0,1,1,2,0,2,1,1,0,0,1,1,2,1,0,0,1,0,0,19,female,5+,5,3,2,2,2,4,17,19,14,20,53,2.6890756302520984,4
9/5/19 17:50,9/5/19 20:02,0,*******,100,7910,1,9/5/19 20:02,R_7ODTV3X1abB3eud,*******,*******,*******,*******,*******,*******,anonymous,EN,18,2,4,1,4,3,3,3,2,3,5,2,2,2,2,2,3,2,3,2,3,2,2,1,0,1,0,0,0,0,0,0,1,0,1,0,0,0,0,0,0,0,20,F,5+,3,2,3,1,3,4,18,21,12,16,49,-1.3109243697479016,2
9/5/19 23:45,10/5/19 0:06,0,*******,100,1263,1,10/5/19 0:06,R_shU3vp0BmPvZpCx,*******,*******,*******,*******,*******,*******,anonymous,EN,19,4,5,1,1,2,2,3,3,4,4,5,3,2,4,3,3,5,4,3,5,2,0,1,0,0,1,0,0,0,1,2,1,1,0,0,0,1,1,0,0,2,17,Female,5+,6,5,4,2,2,3,19,25,23,20,68,17.6890756302521,6
12/5/19 16:40,12/5/19 18:54,0,*******,100,7998,1,12/5/19 18:54,R_1DvCxxTl8MeZz8S,*******,*******,*******,*******,*******,*******,anonymous,EN,20,2,2,2,4,4,2,3,1,2,5,2,2,2,2,1,4,4,5,5,2,1,2,0,1,0,2,0,1,2,0,2,2,1,3,0,0,0,1,2,1,0,28,Female,0,4,2,2,1,1,1,20,13,12,15,40,-10.310924369747902,1
12/5/19 19:51,12/5/19 19:56,0,*******,100,294,1,12/5/19 19:56,R_1Ij814ZWAYrEyys,*******,*******,*******,*******,*******,*******,anonymous,EN,21,4,5,1,1,2,4,2,3,4,5,2,2,2,1,3,5,3,5,4,2,1,2,0,0,1,3,0,3,2,0,0,1,0,3,2,0,0,3,1,2,0,17,Female,1,6,5,4,1,1,2,21,21,17,18,56,5.689075630252098,1
12/5/19 21:54,12/5/19 21:58,0,*******,100,257,1,12/5/19 21:58,R_T25ZnjqX8kKIVcl,*******,*******,*******,*******,*******,*******,anonymous,EN,22,2,3,2,4,4,2,2,4,4,4,4,4,4,4,4,2,4,2,4,5,2,2,1,1,1,2,1,1,1,2,1,1,1,1,1,1,1,1,1,1,1,17,female,4,2,2,2,2,4,2,22,25,17,20,62,11.689075630252098,8
12/5/19 22:52,12/5/19 22:58,0,*******,100,339,1,12/5/19 22:58,R_yrNmkXOsIPxLPyx,*******,*******,*******,*******,*******,*******,anonymous,EN,23,4,4,1,2,4,3,2,2,4,4,5,5,2,2,3,2,5,3,4,3,2,1,0,1,2,3,1,2,3,3,3,2,3,2,3,1,3,0,1,3,3,17,Female,4,3,4,2,2,3,2,23,19,23,18,60,9.689075630252098,15
12/5/19 23:43,12/5/19 23:56,0,*******,100,780,1,12/5/19 23:56,R_2RPWAQ3Cn7rfNHL,*******,*******,*******,*******,*******,*******,anonymous,EN,24,4,4,3,2,4,5,4,1,4,4,5,3,5,3,4,1,4,5,3,1,1,3,0,1,3,0,3,2,0,0,2,1,0,1,2,0,1,2,3,1,0,20,Female,5+,4,4,2,2,1,3,24,15,20,28,63,12.689075630252098,4
13/5/19 0:39,13/5/19 1:04,0,*******,100,1500,1,13/5/19 1:04,R_3fDFXHDi6q87TK5,*******,*******,*******,*******,*******,*******,anonymous,EN,25,2,2,4,4,5,1,2,3,4,4,3,1,1,1,2,3,5,5,3,3,1,2,0,0,1,1,2,1,0,0,0,1,0,2,1,0,0,0,3,0,0,18,Female,1,6,2,1,2,1,3,25,18,13,15,46,-4.310924369747902,1
13/5/19 17:09,13/5/19 17:55,0,*******,100,2779,1,13/5/19 17:55,R_25F8u9lhIpb8Fqg,*******,*******,*******,*******,*******,*******,anonymous,EN,26,2,2,1,4,4,2,2,2,2,4,2,2,2,1,4,1,4,4,4,2,1,0,0,0,1,1,0,0,2,0,0,1,0,1,0,0,0,1,1,1,0,17,Female,5+,4,2,2,2,2,2,26,17,12,12,41,-9.310924369747902,1
13/5/19 18:49,13/5/19 18:53,0,*******,100,240,1,13/5/19 18:53,R_29rZHPdZcEFGVTI,*******,*******,*******,*******,*******,*******,anonymous,EN,27,4,4,1,3,4,1,4,3,3,4,5,3,2,5,5,5,1,3,5,5,0,0,0,0,1,1,0,2,2,0,0,1,1,2,0,0,0,0,0,2,0,18,female,0,1,3,2,2,3,1,27,26,16,20,62,11.689075630252098,2
13/5/19 18:55,13/5/19 19:57,0,*******,100,3726,1,13/5/19 19:57,R_yOYyZifskBHRk2J,*******,*******,*******,*******,*******,*******,anonymous,EN,28,3,2,1,3,2,2,2,4,4,4,4,2,3,3,1,2,5,4,4,4,2,0,0,0,1,1,1,2,2,0,0,1,1,0,1,0,1,0,1,1,0,17,female,5+,6,3,4,2,2,2,28,21,16,18,55,4.689075630252098,3
13/5/19 19:58,13/5/19 21:57,0,*******,100,7150,1,13/5/19 21:57,R_3ixtXWK1kTSpvcr,*******,*******,*******,*******,*******,*******,anonymous,EN,29,2,3,1,3,5,2,1,1,2,4,2,2,3,4,2,2,3,4,4,2,2,0,0,1,2,2,0,2,0,0,2,1,1,1,1,0,0,1,1,1,0,17,Female,2,3,3,1,2,2,2,29,14,13,15,42,-8.310924369747902,3
13/5/19 22:52,13/5/19 22:56,0,*******,100,273,1,13/5/19 22:56,R_Ua5VtisXQZNIdDH,*******,*******,*******,*******,*******,*******,anonymous,EN,30,2,4,2,4,2,2,2,2,4,4,4,5,2,2,4,4,4,4,4,4,1,0,1,0,1,2,0,1,2,2,2,1,2,2,1,1,1,0,2,1,2,18,male,0,2,2,4,2,2,2,30,24,19,16,59,8.689075630252098,10
13/5/19 23:55,14/5/19 0:07,0,*******,100,678,1,14/5/19 0:07,R_1lsCIp398Y69zzc,*******,*******,*******,*******,*******,*******,anonymous,EN,31,2,2,3,1,1,2,2,1,2,1,2,3,1,2,3,3,2,5,1,2,1,0,0,1,0,2,0,1,1,0,1,1,0,1,0,0,0,1,2,1,0,50,female,5+,1,5,5,5,1,5,31,25,14,14,53,2.6890756302520984,0
14/5/19 0:51,14/5/19 1:00,0,*******,100,530,1,14/5/19 1:00,R_31hqHW2ShTNY7sy,*******,*******,*******,*******,*******,*******,anonymous,EN,32,3,2,1,2,4,2,1,2,1,4,2,2,2,2,2,4,2,2,4,2,1,1,1,1,1,2,2,3,2,1,1,3,1,2,2,1,1,2,1,1,1,20,male,0,2,4,2,2,4,2,32,20,12,12,44,-6.310924369747902,7
14/5/19 21:49,14/5/19 21:53,0,*******,100,214,1,14/5/19 21:53,R_3svLLWALY4yrM9S,*******,*******,*******,*******,*******,*******,anonymous,EN,33,2,4,2,2,4,2,2,4,3,4,4,4,2,3,2,3,4,3,4,2,2,1,0,0,1,0,0,1,0,0,1,0,0,0,0,0,0,0,0,0,0,18,Female,1,2,4,2,2,3,2,33,20,20,16,56,5.689075630252098,1
14/5/19 22:32,14/5/19 22:47,0,*******,100,912,1,14/5/19 22:47,R_w5lqetYBARXe4Kd,*******,*******,*******,*******,*******,*******,anonymous,EN,34,3,3,2,4,3,3,3,3,3,4,4,3,2,3,2,3,3,3,3,3,1,1,1,1,1,2,1,1,1,1,2,1,1,1,1,2,1,1,1,1,1,18,Female,0,4,2,3,2,3,3,34,22,15,19,56,5.689075630252098,8
15/5/19 17:52,15/5/19 17:56,0,*******,100,203,1,15/5/19 17:56,R_CmocScWeARf5RTj,*******,*******,*******,*******,*******,*******,anonymous,EN,35,2,4,1,3,4,2,3,2,2,4,2,2,2,2,2,2,2,4,4,2,1,0,1,0,1,0,0,0,0,0,1,1,0,0,0,0,0,0,0,0,0,17,female,0,2,3,2,2,2,2,35,16,13,14,43,-7.310924369747902,2
15/5/19 19:54,15/5/19 19:58,0,*******,100,245,1,15/5/19 19:58,R_Rss4nqFydU47p73,*******,*******,*******,*******,*******,*******,anonymous,EN,36,4,4,2,4,4,4,3,3,4,4,4,4,3,3,4,3,5,4,4,2,2,2,1,0,2,2,0,1,2,0,1,1,1,1,1,1,0,0,1,1,0,18,Female,5+,1,2,2,2,2,2,36,20,19,23,62,11.689075630252098,5
15/5/19 21:49,15/5/19 21:52,0,*******,100,221,1,15/5/19 21:52,R_2b2lYpaeKX8LUHY,*******,*******,*******,*******,*******,*******,anonymous,EN,37,1,2,2,2,4,2,2,1,3,4,2,3,2,3,2,1,1,3,3,2,1,1,1,1,1,1,1,1,1,1,1,1,1,0,0,0,0,1,1,0,0,17,Female,3,3,4,2,2,3,3,37,16,12,15,43,-7.310924369747902,4
15/5/19 22:13,15/5/19 22:59,0,*******,100,2742,1,15/5/19 22:59,R_2tFHjzTE3zoDUfp,*******,*******,*******,*******,*******,*******,anonymous,EN,38,1,2,2,4,4,1,2,2,3,4,2,2,2,2,2,4,4,4,4,3,0,1,0,0,1,1,0,0,0,0,2,0,0,0,0,0,0,0,2,1,0,18,Male,0,3,2,2,2,2,2,38,19,12,13,44,-6.310924369747902,1
15/5/19 23:02,16/5/19 0:04,0,*******,100,3711,1,16/5/19 0:04,R_1dN25A7Ijmz7Gdy,*******,*******,*******,*******,*******,*******,anonymous,EN,39,2,2,4,4,3,2,4,3,2,1,2,3,2,2,4,2,3,4,2,1,1,0,1,0,2,0,0,0,0,0,0,1,0,0,0,0,0,0,1,0,2,18,Male,5+,6,2,3,5,2,4,39,24,12,18,54,3.6890756302520984,5
16/5/19 17:12,16/5/19 17:51,0,*******,100,2300,1,16/5/19 17:51,R_3iDycDSDDXMiZzG,*******,*******,*******,*******,*******,*******,anonymous,EN,40,2,2,1,4,2,3,2,1,2,5,1,1,1,2,1,1,2,1,2,4,0,2,0,0,0,2,0,0,0,0,0,0,0,0,0,0,0,0,0,0,0,18,Female,1,4,2,4,1,5,4,40,21,8,13,42,-8.310924369747902,0
16/5/19 18:23,16/5/19 19:00,0,*******,100,2211,1,16/5/19 19:00,R_1jBQ4u6sa7YSiXX,*******,*******,*******,*******,*******,*******,anonymous,EN,41,4,4,1,2,4,3,4,2,5,4,2,3,4,2,2,3,4,5,4,4,1,0,0,0,2,1,0,1,1,0,0,2,2,2,0,2,1,0,0,1,0,19,female,5+,2,4,2,2,1,2,41,18,17,23,58,7.689075630252098,7
16/5/19 19:11,16/5/19 19:54,0,*******,100,2585,1,16/5/19 19:54,R_3kzDSGPAEYQtgtc,*******,*******,*******,*******,*******,*******,anonymous,EN,42,2,2,1,4,5,2,1,2,4,3,2,2,1,3,2,2,2,4,4,4,2,1,0,0,1,0,0,0,1,0,1,0,2,3,2,2,1,2,0,1,0,17,Female,5+,4,2,1,3,2,2,42,18,10,14,42,-8.310924369747902,6
16/5/19 22:37,16/5/19 23:01,0,*******,100,1424,1,16/5/19 23:01,R_1rwTDdS9ZvynHoc,*******,*******,*******,*******,*******,*******,anonymous,EN,43,4,5,4,2,3,4,4,1,4,3,4,4,3,4,3,2,3,5,4,2,2,0,0,1,1,2,2,2,1,1,1,1,1,1,1,1,1,2,1,2,1,20,Female,5+,4,4,3,3,1,2,43,17,20,27,64,13.689075630252098,6
16/5/19 23:25,16/5/19 23:55,0,*******,100,1812,1,16/5/19 23:55,R_11Z1EmshDNH69O0,*******,*******,*******,*******,*******,*******,anonymous,EN,44,2,4,2,5,5,4,3,2,3,4,4,4,4,3,3,4,5,4,3,4,1,0,3,1,3,1,1,1,2,3,1,2,2,1,1,0,2,0,2,2,0,19,Female,4,6,1,1,2,2,3,44,21,18,21,60,9.689075630252098,13
17/5/19 1:05,17/5/19 1:11,0,*******,100,359,1,17/5/19 1:11,R_1qeQJN5cC3dRucf,*******,*******,*******,*******,*******,*******,anonymous,EN,45,4,4,2,1,4,4,3,4,4,5,5,5,3,3,2,2,4,4,3,1,1,3,0,0,3,1,0,2,3,0,0,2,1,0,1,2,1,2,1,1,1,18,Female,5+,2,5,2,1,2,3,45,17,23,23,63,12.689075630252098,8
19/5/19 18:05,19/5/19 20:03,0,*******,100,7105,1,19/5/19 20:03,R_1f1SAv1JUF4mpU4,*******,*******,*******,*******,*******,*******,anonymous,EN,46,4,4,2,1,4,2,3,2,4,4,4,4,4,4,2,2,4,2,3,4,2,0,1,1,2,2,2,2,2,1,3,2,1,1,1,0,0,1,0,0,0,18,Female,5+,2,5,2,2,4,3,46,21,21,23,65,14.689075630252098,5
19/5/19 21:11,19/5/19 22:00,0,*******,100,2942,1,19/5/19 22:00,R_xaA1uRdGg5vEqVr,*******,*******,*******,*******,*******,*******,anonymous,EN,47,3,4,3,3,4,2,2,1,4,4,4,1,2,1,3,2,1,5,4,4,1,0,0,0,2,1,1,1,1,0,1,0,0,1,1,0,0,0,1,0,0,17,Female,5+,4,3,2,2,1,2,47,17,13,17,47,-3.3109243697479016,2
19/5/19 22:44,19/5/19 23:01,0,*******,100,1019,1,19/5/19 23:01,R_3sgh1G4zTFhyaZJ,*******,*******,*******,*******,*******,*******,anonymous,EN,48,3,3,2,2,2,2,3,2,2,3,2,2,3,2,2,2,2,2,2,2,2,1,1,1,1,2,0,2,2,0,2,1,0,1,2,1,0,1,2,1,0,17,female,5+,6,4,4,3,4,4,48,23,13,17,53,2.6890756302520984,3
19/5/19 23:52,19/5/19 23:55,0,*******,100,196,1,19/5/19 23:55,R_A6fJX743bqjADQt,*******,*******,*******,*******,*******,*******,anonymous,EN,49,1,1,1,5,5,2,2,1,2,5,1,1,2,2,1,3,2,2,5,5,3,2,1,3,3,3,3,2,3,0,0,1,0,1,1,0,0,0,3,0,0,20,Female,5+,5,1,1,1,4,1,49,17,6,12,35,-15.310924369747902,4
19/5/19 23:56,20/5/19 1:07,0,*******,100,4243,1,20/5/19 1:07,R_yDgJI55H3pifZDP,*******,*******,*******,*******,*******,*******,anonymous,EN,50,2,4,1,4,4,2,2,2,4,4,2,2,2,2,4,1,4,5,4,1,1,1,0,0,1,2,0,2,2,0,1,1,1,1,2,0,0,1,0,0,0,18,Female,4,5,2,2,2,1,2,50,15,14,15,44,-6.310924369747902,2
20/5/19 17:11,20/5/19 18:00,0,*******,100,2927,1,20/5/19 18:00,R_1Nh26rnA3fjHYuS,*******,*******,*******,*******,*******,*******,anonymous,EN,51,2,3,1,3,4,2,2,2,2,4,2,2,2,2,2,4,2,4,4,4,1,1,0,0,0,0,0,0,0,0,1,0,0,0,0,0,0,1,0,1,0,19,female,5+,4,3,2,2,2,2,51,20,12,13,45,-5.310924369747902,0
20/5/19 18:10,20/5/19 18:56,0,*******,100,2714,1,20/5/19 18:56,R_2QzHOzZhyJiu9zS,*******,*******,*******,*******,*******,*******,anonymous,EN,52,4,5,2,5,4,5,5,4,4,4,2,5,4,2,2,2,5,1,3,4,2,2,1,1,1,1,2,2,1,3,3,2,2,3,3,2,3,2,1,2,3,17,female,5,5,1,2,2,5,3,52,24,18,26,68,17.6890756302521,15
20/5/19 19:08,20/5/19 19:54,0,*******,100,2745,1,20/5/19 19:54,R_3HS2qgHynHnWUao,*******,*******,*******,*******,*******,*******,anonymous,EN,53,4,3,1,2,2,3,2,4,3,3,4,4,3,4,2,1,4,4,3,4,2,2,1,0,2,1,0,0,1,1,1,2,2,1,2,1,1,1,2,0,0,18,Female,1,3,4,4,3,2,3,53,23,19,20,62,11.689075630252098,8
20/5/19 20:49,20/5/19 22:47,0,*******,100,7049,1,20/5/19 22:47,R_UH1PojPZIKvCNO1,*******,*******,*******,*******,*******,*******,anonymous,EN,54,4,4,4,2,4,5,5,1,5,5,4,2,5,4,2,3,2,5,4,1,2,3,3,3,3,2,2,3,2,3,3,3,2,1,3,2,2,2,1,2,3,20,female,4,5,4,2,1,1,2,54,13,16,32,61,10.689075630252098,18
20/5/19 23:07,20/5/19 23:46,0,*******,100,2339,1,20/5/19 23:46,R_1QzsKqgVHdxIHhF,*******,*******,*******,*******,*******,*******,anonymous,EN,55,1,2,1,4,4,2,1,3,1,5,3,2,1,1,3,1,4,3,4,1,1,0,1,0,1,0,0,0,0,0,0,0,0,0,0,0,0,0,0,0,0,18,Female,5+,3,2,2,1,3,2,55,16,13,8,37,-13.310924369747902,2
21/5/19 0:49,21/5/19 1:02,0,*******,100,794,1,21/5/19 1:02,R_4ZUvmL32qWASFkl,*******,*******,*******,*******,*******,*******,anonymous,EN,56,4,4,1,3,2,2,1,1,1,4,2,1,1,1,1,4,3,4,4,2,2,0,0,0,0,1,0,1,0,0,1,1,0,1,1,0,0,1,1,0,0,20,female,2,2,3,4,2,2,2,56,18,13,11,42,-8.310924369747902,0
22/5/19 22:07,22/5/19 22:48,0,*******,100,2488,1,22/5/19 22:48,R_2OZUH9ulfX3Hiyf,*******,*******,*******,*******,*******,*******,anonymous,EN,57,2,4,2,4,4,4,2,2,2,5,3,2,2,1,1,2,1,5,3,2,0,1,0,1,2,2,1,1,2,1,2,1,1,0,2,1,0,0,3,1,0,18,Female,0,2,2,2,1,1,3,57,14,12,15,41,-9.310924369747902,5
22/5/19 23:25,23/5/19 0:10,0,*******,100,2728,1,23/5/19 0:10,R_poTV099HCpTp8A1,*******,*******,*******,*******,*******,*******,anonymous,EN,58,4,4,1,2,4,4,2,1,4,5,4,4,2,4,2,4,2,5,4,2,1,0,0,0,0,2,1,2,3,1,2,1,1,0,2,1,1,1,0,1,2,17,female,2,1,4,2,1,1,2,58,15,18,21,54,3.6890756302520984,6
23/5/19 0:12,23/5/19 0:56,0,*******,100,2618,1,23/5/19 0:56,R_RC4VKTsYvPNQ6TD,*******,*******,*******,*******,*******,*******,anonymous,EN,59,2,4,1,2,4,3,2,2,2,4,4,3,2,3,2,2,3,4,4,1,1,0,0,0,1,0,0,1,1,0,0,1,0,1,0,0,0,0,0,0,0,18,Female,4,3,4,2,2,2,2,59,15,18,15,48,-2.3109243697479016,1
26/5/19 17:45,26/5/19 18:54,0,*******,100,4147,1,26/5/19 18:54,R_1rr9X91YLoTnP4f,*******,*******,*******,*******,*******,*******,anonymous,EN,60,2,2,1,4,5,4,3,2,3,4,4,5,2,2,4,4,5,5,2,2,2,0,0,0,1,1,0,1,1,0,1,1,1,1,0,0,0,1,1,0,0,18,Female,0,1,2,1,2,1,4,60,20,18,17,55,4.689075630252098,2
26/5/19 19:11,26/5/19 19:47,0,*******,100,2193,1,26/5/19 19:47,R_3RvKrv4hzIF2w0o,*******,*******,*******,*******,*******,*******,anonymous,EN,61,1,1,1,5,4,2,2,2,2,5,1,2,2,2,2,3,1,5,5,2,1,2,0,1,0,1,2,0,2,1,1,0,1,0,0,0,0,0,2,2,0,18,female,2,6,1,2,1,1,1,61,14,6,12,32,-18.3109243697479,2
26/5/19 22:38,26/5/19 22:47,0,*******,100,543,1,26/5/19 22:47,R_d0WvswQvEyaAENz,*******,*******,*******,*******,*******,*******,anonymous,EN,62,4,4,4,2,3,4,4,4,4,4,4,4,4,4,3,4,4,4,4,4,2,2,1,1,2,1,2,2,2,1,1,1,1,1,2,1,1,NA,1,1,1,18,female,2,0,4,3,2,2,2,62,24,20,28,72,21.6890756302521,8
26/5/19 23:09,26/5/19 23:57,0,*******,100,2901,1,26/5/19 23:57,R_3PmD4qrJ7rRsi5z,*******,*******,*******,*******,*******,*******,anonymous,EN,63,2,3,2,3,4,4,3,4,4,3,2,2,3,3,3,2,5,4,4,4,1,1,1,2,3,2,1,2,1,1,2,2,2,2,2,2,0,2,2,0,0,19,Female,5+,6,3,2,3,2,2,63,22,15,21,58,7.689075630252098,9
27/5/19 0:16,27/5/19 1:02,0,*******,100,2795,1,27/5/19 1:02,R_2co3PY0Pq8xo4yY,*******,*******,*******,*******,*******,*******,anonymous,EN,64,2,2,3,4,5,2,4,2,2,4,2,4,3,2,2,2,4,5,5,2,2,1,0,1,3,2,0,3,3,0,2,2,1,2,1,1,2,2,2,1,2,20,female,5+,2,2,1,2,1,1,64,13,14,18,45,-5.310924369747902,9
27/5/19 20:13,27/5/19 20:57,0,*******,100,2652,1,27/5/19 20:57,R_3oz8vrqIyqWsH7U,*******,*******,*******,*******,*******,*******,anonymous,EN,65,2,1,2,4,4,2,2,2,2,4,2,2,2,2,2,2,5,4,4,2,1,2,1,2,2,0,0,1,1,1,0,0,1,0,0,0,0,0,1,0,0,17,Female,1,2,2,2,2,2,2,65,16,12,14,42,-8.310924369747902,5
27/5/19 23:43,27/5/19 23:46,0,*******,100,167,1,27/5/19 23:46,R_3KqDIq6xEjKaQwZ,*******,*******,*******,*******,*******,*******,anonymous,EN,66,3,2,1,4,3,3,2,1,3,4,4,3,3,2,3,3,2,4,5,2,1,1,1,1,1,1,1,1,1,0,1,1,1,1,1,1,1,1,1,0,1,18,Female,0,1,2,3,2,2,1,66,17,13,17,47,-3.3109243697479016,6
28/5/19 0:27,28/5/19 0:54,0,*******,100,1645,1,28/5/19 0:54,R_dhEDaxapj6lMAXT,*******,*******,*******,*******,*******,*******,anonymous,EN,67,3,3,1,4,3,2,2,2,3,5,1,1,2,1,3,2,4,3,4,3,1,0,0,0,2,2,1,0,0,1,2,1,1,0,1,1,0,1,0,1,0,18,Male,2,2,2,3,1,3,2,67,19,11,14,44,-6.310924369747902,5
29/5/19 21:13,29/5/19 21:59,0,*******,100,2779,1,29/5/19 21:59,R_1GIylwOLZT0e38t,*******,*******,*******,*******,*******,*******,anonymous,EN,68,2,2,2,4,4,2,4,1,5,4,4,2,2,4,2,1,2,5,5,2,1,1,0,0,1,0,0,0,2,0,0,1,1,0,0,1,0,0,0,0,0,18,Male,2,2,2,2,2,1,1,68,12,12,21,45,-5.310924369747902,3
29/5/19 22:53,29/5/19 23:00,0,*******,100,402,1,29/5/19 23:00,R_2cdMSsiDwZQ7P13,*******,*******,*******,*******,*******,*******,anonymous,EN,69,1,2,3,4,4,2,2,3,3,5,1,1,1,1,1,2,1,5,5,1,1,3,0,0,0,0,0,0,0,0,0,0,0,1,0,0,0,0,0,0,0,19,Female,3,1,2,2,1,1,1,69,12,7,13,32,-18.3109243697479,0
29/5/19 23:10,29/5/19 23:56,0,*******,100,2720,1,29/5/19 23:56,R_3EnHFr8RkuAMQNO,*******,*******,*******,*******,*******,*******,anonymous,EN,70,4,4,4,3,4,2,1,4,4,4,4,4,4,2,4,2,2,4,4,1,2,2,0,0,1,0,0,0,0,0,1,0,0,0,2,0,0,0,1,1,0,20,Male,5+,2,3,2,2,2,2,70,19,17,21,57,6.689075630252098,1
30/5/19 0:56,30/5/19 1:00,0,*******,100,256,1,30/5/19 1:00,R_31tKLITqEMjLPxg,*******,*******,*******,*******,*******,*******,anonymous,EN,71,4,2,1,4,1,3,3,2,2,4,3,3,2,1,3,3,2,4,4,2,1,2,0,0,1,1,0,0,0,0,1,1,0,1,0,1,0,0,0,0,0,17,female,4,2,2,5,2,2,2,71,21,12,16,49,-1.3109243697479016,2
25/8/19 17:06,25/8/19 19:01,0,*******,100,6933,1,25/8/19 19:01,R_2wKPG0GncVxjquy,*******,*******,*******,*******,*******,*******,anonymous,EN,72,4,4,2,3,2,3,2,2,3,5,2,2,2,2,2,2,2,4,4,4,1,0,0,0,0,0,0,0,0,0,1,0,1,0,0,0,0,0,2,0,0,20,female,0,2,3,4,1,2,2,72,19,13,18,50,-0.3109243697479016,1
25/8/19 19:58,25/8/19 20:13,0,*******,100,899,1,25/8/19 20:13,R_2qauJcZk2eiFjz6,*******,*******,*******,*******,*******,*******,anonymous,EN,73,4,3,4,3,4,2,3,2,5,3,2,3,3,1,1,2,3,5,4,1,1,2,0,1,3,0,1,1,2,1,0,0,1,1,0,2,0,0,1,1,0,19,male,5+,4,3,2,3,1,2,73,14,14,22,50,-0.3109243697479016,7
25/8/19 20:59,25/8/19 22:04,0,*******,100,3905,1,25/8/19 22:04,R_1exEWlq61qYt9Pm,*******,*******,*******,*******,*******,*******,anonymous,EN,74,4,4,3,2,4,3,3,3,4,4,4,2,2,2,3,3,2,3,3,4,0,2,0,0,1,0,0,1,1,0,1,1,1,0,0,0,0,0,0,0,0,20,female,0,2,4,2,2,3,3,74,23,16,21,60,9.689075630252098,2
25/8/19 22:51,25/8/19 23:45,0,*******,100,3264,1,25/8/19 23:45,R_2dQ0QnaIOH3XBpF,*******,*******,*******,*******,*******,*******,anonymous,EN,75,2,2,1,3,4,4,2,2,3,4,3,2,2,2,4,5,2,5,4,2,2,0,0,0,1,1,0,1,0,0,1,1,0,0,0,0,0,1,0,0,0,19,Female,3,1,3,2,2,1,2,75,20,12,16,48,-2.3109243697479016,1
26/8/19 17:09,26/8/19 17:43,0,*******,100,2079,1,26/8/19 17:43,R_szpT3YHQRZr1vvr,*******,*******,*******,*******,*******,*******,anonymous,EN,76,2,2,2,3,2,3,2,2,3,4,3,3,3,2,3,3,3,2,2,3,1,0,0,0,1,0,0,0,0,0,0,1,0,0,0,0,0,0,0,0,0,19,male,0,1,3,4,2,4,4,76,25,14,17,56,5.689075630252098,1
26/8/19 18:06,26/8/19 18:52,0,*******,100,2748,1,26/8/19 18:52,R_bqNJapgvIoO9QKl,*******,*******,*******,*******,*******,*******,anonymous,EN,77,4,4,2,2,5,2,2,1,4,4,4,4,2,3,3,2,4,5,4,2,2,3,0,0,0,2,1,2,2,2,3,2,2,2,2,1,1,0,2,0,0,19,Male,0,2,4,1,2,1,2,77,14,20,19,53,2.6890756302520984,6
26/8/19 19:21,26/8/19 19:50,0,*******,100,1745,1,26/8/19 19:50,R_AAlBndzQHFKzffr,*******,*******,*******,*******,*******,*******,anonymous,EN,78,2,4,1,2,4,2,2,4,2,2,3,4,2,2,4,4,3,4,2,2,0,0,0,0,0,0,0,0,0,0,1,0,0,0,0,0,0,0,0,0,0,17,Female,4,3,4,2,4,2,4,78,26,18,13,57,6.689075630252098,0
26/8/19 20:54,26/8/19 22:02,0,*******,100,4131,1,26/8/19 22:02,R_3D5gKghkCxC0SGJ,*******,*******,*******,*******,*******,*******,anonymous,EN,79,4,5,5,2,4,3,4,4,4,2,4,5,5,4,3,4,4,5,2,3,2,1,1,1,3,0,2,3,0,0,2,3,0,0,1,1,0,1,2,1,0,18,nonbinary,5+,6,4,2,4,1,4,79,25,22,29,76,25.6890756302521,5
26/8/19 22:53,26/8/19 22:56,0,*******,100,218,1,26/8/19 22:56,R_vowqbFODoQxbZnz,*******,*******,*******,*******,*******,*******,anonymous,EN,80,4,3,3,3,2,2,3,4,3,4,2,2,3,2,3,2,4,3,3,4,2,0,1,0,2,1,0,0,1,1,0,1,0,0,1,1,0,1,0,1,0,18,female,5+,6,3,4,2,3,3,80,25,14,20,59,8.689075630252098,5
26/8/19 23:49,26/8/19 23:52,0,*******,100,181,1,26/8/19 23:52,R_3RvYerAmGd1nmc5,*******,*******,*******,*******,*******,*******,anonymous,EN,81,1,3,1,5,5,2,1,2,2,5,3,2,3,2,2,1,2,5,5,2,0,0,0,0,1,0,0,0,0,0,0,0,0,0,0,0,0,0,0,0,0,18,female,0,6,1,1,1,1,1,81,11,11,12,34,-16.3109243697479,1
26/8/19 18:56,27/8/19 17:56,0,*******,100,82818,1,27/8/19 17:56,R_xEo4AC852UtmsEx,*******,*******,*******,*******,*******,*******,anonymous,EN,82,2,1,3,4,3,2,2,5,4,5,2,1,2,2,2,4,2,4,4,1,3,1,1,1,2,1,1,1,2,2,2,3,1,1,1,1,1,1,2,2,1,25,F,5+,3,2,3,1,2,2,82,20,8,17,45,-5.310924369747902,9
27/8/19 17:57,27/8/19 19:01,0,*******,100,3830,1,27/8/19 19:01,R_2fDPWZeJRtLuoWi,*******,*******,*******,*******,*******,*******,anonymous,EN,83,1,2,1,4,4,1,1,3,2,4,2,1,1,1,2,5,2,5,4,3,0,1,0,0,1,2,0,0,1,1,0,0,1,0,0,0,1,0,0,0,1,19,female,5+,2,2,2,2,1,2,83,20,9,8,37,-13.310924369747902,5
27/8/19 19:01,27/8/19 19:54,0,*******,100,3165,1,27/8/19 19:54,R_R32DYeOnMpFN2c9,*******,*******,*******,*******,*******,*******,anonymous,EN,84,3,3,1,2,4,1,2,2,3,4,2,2,3,4,2,2,4,5,4,2,2,0,1,1,3,2,0,0,0,2,2,2,2,1,0,1,1,0,0,0,1,18,Female,4,2,4,2,2,1,2,84,15,15,17,47,-3.3109243697479016,11
27/8/19 19:54,27/8/19 21:03,0,*******,100,4121,1,27/8/19 21:03,R_54OXwyzV0v3AVZ7,*******,*******,*******,*******,*******,*******,anonymous,EN,85,1,1,1,5,5,2,2,2,1,5,1,1,1,4,2,5,1,1,5,1,0,1,0,1,2,0,0,1,1,0,1,1,2,1,1,0,1,1,0,1,0,18,woman,5+,6,1,1,1,5,1,85,18,5,12,35,-15.310924369747902,5
27/8/19 22:03,27/8/19 23:00,0,*******,100,3429,1,27/8/19 23:00,R_aXzNSvDKtSZF0OZ,*******,*******,*******,*******,*******,*******,anonymous,EN,86,2,3,1,4,4,2,2,2,2,5,3,2,3,2,3,4,2,3,4,4,1,0,0,0,1,1,2,1,1,1,1,0,1,1,1,1,0,2,2,1,0,22,femail,5+,1,2,2,1,3,2,86,21,12,14,47,-3.3109243697479016,4
27/8/19 23:01,27/8/19 23:54,0,*******,100,3191,1,27/8/19 23:54,R_Xjn5AORw1Dl7laF,*******,*******,*******,*******,*******,*******,anonymous,EN,87,2,2,2,4,4,2,2,2,2,4,2,2,2,2,3,2,2,2,4,2,1,2,0,0,1,0,0,0,0,0,0,0,0,0,0,0,0,0,0,0,0,18,Female,5+,6,2,2,2,4,2,87,19,10,14,43,-7.310924369747902,1
28/8/19 0:11,28/8/19 1:09,0,*******,100,3472,1,28/8/19 1:09,R_1QASke6qVRtYXFI,*******,*******,*******,*******,*******,*******,anonymous,EN,88,4,4,1,3,3,2,2,2,3,4,2,4,3,2,2,4,4,4,3,3,1,1,1,0,0,1,1,0,2,0,0,0,1,0,0,1,1,2,1,0,0,22,Female,5+,1,3,3,2,2,3,88,21,17,17,55,4.689075630252098,4
28/8/19 17:01,28/8/19 17:56,0,*******,100,3285,1,28/8/19 17:56,R_3kpPrfRsAl9AbZC,*******,*******,*******,*******,*******,*******,anonymous,EN,89,5,5,4,1,5,5,5,1,5,4,5,5,5,5,5,5,5,5,4,1,1,1,2,2,0,3,1,2,3,1,2,1,1,1,1,2,1,2,2,2,1,18,Female,5,3,5,1,2,1,2,89,18,25,34,77,26.6890756302521,8
28/8/19 17:56,28/8/19 18:50,0,*******,100,3206,1,28/8/19 18:50,R_2dM8uSCgp88Qm90,*******,*******,*******,*******,*******,*******,anonymous,EN,90,2,1,1,2,3,2,2,2,2,2,1,2,1,1,1,1,1,1,1,2,0,2,0,1,1,1,1,1,1,0,0,0,0,0,0,0,0,0,0,0,0,19,Female,5+,4,4,3,4,5,5,90,23,9,11,43,-7.310924369747902,1
28/8/19 18:54,28/8/19 19:54,0,*******,100,3586,1,28/8/19 19:54,R_274fkm4Zm6Mblhz,*******,*******,*******,*******,*******,*******,anonymous,EN,91,2,3,1,4,3,2,2,3,2,5,2,2,2,1,3,4,2,4,4,3,1,1,0,0,0,0,0,1,1,0,1,2,0,0,0,0,0,0,0,0,0,22,F,5+,2,2,3,1,2,2,91,21,11,12,44,-6.310924369747902,0
28/8/19 20:56,28/8/19 21:52,0,*******,100,3389,1,28/8/19 21:52,R_3nMcoqN99Qe2BpC,*******,*******,*******,*******,*******,*******,anonymous,EN,92,4,4,2,3,2,2,3,1,1,4,5,1,5,4,2,3,1,4,2,4,1,2,2,0,1,3,2,2,2,2,2,3,2,3,3,2,1,0,2,3,1,18,Female,0,2,3,4,2,2,4,92,22,14,21,57,6.689075630252098,11
28/8/19 21:55,28/8/19 22:57,0,*******,100,3745,1,28/8/19 22:57,R_1rcwKsGDCfNiS70,*******,*******,*******,*******,*******,*******,anonymous,EN,93,2,2,1,4,5,2,2,1,2,5,1,1,2,5,2,3,4,4,4,1,2,0,1,1,1,1,1,2,0,0,1,2,1,1,0,0,1,0,1,0,1,19,Female,1,3,2,1,1,2,2,93,13,10,16,39,-11.310924369747902,5
1/9/19 16:59,1/9/19 17:54,0,*******,100,3269,1,1/9/19 17:54,R_1JOUblfON4nC0Nz,*******,*******,*******,*******,*******,*******,anonymous,EN,94,2,1,1,4,5,2,2,3,2,5,3,2,2,1,3,4,1,5,5,1,1,2,0,0,1,0,1,0,0,0,0,0,0,2,0,0,0,0,0,0,0,18,Female,5,6,2,1,1,1,1,94,15,9,12,36,-14.310924369747902,1
1/9/19 17:54,1/9/19 18:55,0,*******,100,3644,1,1/9/19 18:55,R_eLP0nai7mJc509X,*******,*******,*******,*******,*******,*******,anonymous,EN,95,3,4,3,2,2,2,3,4,4,4,4,4,4,4,3,4,4,2,2,4,3,2,2,1,3,1,1,3,1,2,2,3,2,1,1,3,2,1,3,1,2,18,Female,5+,2,4,4,2,4,4,95,29,20,23,72,21.6890756302521,16
1/9/19 18:55,1/9/19 19:51,0,*******,100,3335,1,1/9/19 19:51,R_3ffnyOOvcBX7iGR,*******,*******,*******,*******,*******,*******,anonymous,EN,96,4,4,1,3,3,1,1,1,1,4,1,1,1,1,3,2,1,5,5,1,0,0,0,0,0,0,0,0,0,0,0,0,0,0,0,0,0,0,0,0,0,18 years,Female,4,4,3,3,2,1,1,96,14,10,10,34,-16.3109243697479,0
1/9/19 21:54,1/9/19 22:46,0,*******,100,3088,1,1/9/19 22:46,R_1jBS085MxxckOiO,*******,*******,*******,*******,*******,*******,anonymous,EN,97,2,1,2,5,5,2,1,2,1,5,2,1,1,3,2,2,1,4,4,2,1,3,0,0,0,0,0,1,1,0,1,1,0,1,0,0,0,1,0,0,0,18,Male,2,4,1,1,1,2,2,97,14,6,12,32,-18.3109243697479,0
26/8/19 19:10,26/8/19 19:10,0,*******,13,5,0,2/9/19 19:10,R_2dPV4kGlzMAdzGV,*******,*******,*******,*******,*******,*******,anonymous,EN,NA,NA,NA,NA,NA,NA,NA,NA,NA,NA,NA,NA,NA,NA,NA,NA,NA,NA,NA,NA,NA,NA,NA,NA,NA,NA,NA,NA,NA,NA,NA,NA,NA,NA,NA,NA,NA,NA,NA,NA,NA,NA,NA,NA,NA,NA,NA,NA,NA,NA,NA,NA,NA,NA,NA,NA,NA,NA
2/9/19 18:54,2/9/19 19:50,0,*******,100,3411,1,2/9/19 19:50,R_sM91fCAn2ylv09r,*******,*******,*******,*******,*******,*******,anonymous,EN,98,1,2,1,4,4,2,1,2,2,5,2,3,1,2,2,2,2,4,4,2,3,0,1,0,1,1,0,0,0,0,0,2,0,1,0,1,0,2,0,0,0,19,Female,2,1,2,2,1,2,2,98,15,11,10,36,-14.310924369747902,3
2/9/19 20:55,2/9/19 21:52,0,*******,100,3458,1,2/9/19 21:52,R_qwSMpERI1BKqV7r,*******,*******,*******,*******,*******,*******,anonymous,EN,99,4,3,2,3,2,4,4,2,3,4,4,2,4,4,2,3,5,4,2,3,2,1,0,0,1,1,1,2,2,0,1,1,0,1,0,1,0,0,1,2,0,18,Female,0,3,3,4,2,2,4,99,22,17,25,64,13.689075630252098,2
2/9/19 21:54,2/9/19 23:01,0,*******,100,4016,1,2/9/19 23:01,R_9YN0kMDgLrMLVaF,*******,*******,*******,*******,*******,*******,anonymous,EN,100,4,4,3,3,4,4,4,4,3,4,3,2,4,4,5,3,4,5,3,1,1,2,1,0,2,0,0,1,0,2,1,2,1,1,0,2,0,0,0,0,1,19,Male,5+,1,3,2,2,1,3,100,21,16,26,63,12.689075630252098,9
3/9/19 16:53,3/9/19 17:57,0,*******,100,3804,1,3/9/19 17:57,R_2uEa7SQpRl6zku5,*******,*******,*******,*******,*******,*******,anonymous,EN,101,4,4,2,2,4,4,3,4,4,3,2,2,4,2,4,5,4,3,2,2,2,0,0,0,1,0,1,1,0,1,2,1,1,1,0,1,0,0,1,0,1,17,Female,2,1,4,2,3,3,4,101,27,16,23,66,15.689075630252098,5
3/9/19 18:02,3/9/19 18:54,0,*******,100,3097,1,3/9/19 18:54,R_zUVjLzNnJxIpjep,*******,*******,*******,*******,*******,*******,anonymous,EN,102,2,2,3,4,5,3,3,4,3,5,2,2,3,2,3,2,2,4,4,4,2,2,1,0,1,3,1,0,3,0,1,1,1,1,0,1,0,1,1,0,0,18,Female,3,2,2,1,1,2,2,102,19,10,19,48,-2.3109243697479016,4
3/9/19 19:01,3/9/19 20:01,0,*******,100,3592,1,3/9/19 20:01,R_2E5FFoogt8J6Fq8,*******,*******,*******,*******,*******,*******,anonymous,EN,103,2,3,2,4,2,3,2,4,4,4,2,2,2,2,4,5,3,4,4,4,1,0,1,0,1,0,0,1,1,1,0,1,0,2,1,0,1,1,2,0,1,19,Male,3,4,2,4,2,2,2,103,27,12,17,56,5.689075630252098,5
4/9/19 16:59,4/9/19 17:54,0,*******,100,3260,1,4/9/19 17:54,R_A0UFFrYC93rkexX,*******,*******,*******,*******,*******,*******,anonymous,EN,104,2,4,1,4,4,4,2,1,2,4,1,1,2,1,4,4,4,2,1,2,1,1,1,0,1,0,0,0,1,2,0,0,0,2,0,2,1,0,0,0,0,18,Male,0,3,2,2,2,4,5,104,24,12,14,50,-0.3109243697479016,7
4/9/19 18:00,4/9/19 19:00,0,*******,100,3617,1,4/9/19 19:00,R_1mqmcdQNJWXx53Q,*******,*******,*******,*******,*******,*******,anonymous,EN,105,2,2,3,4,5,2,3,1,2,5,3,2,2,3,2,3,4,4,4,2,2,1,0,1,1,1,0,1,0,0,1,1,1,1,0,0,0,1,1,0,0,47,Female,2,2,2,1,1,2,2,105,14,13,17,44,-6.310924369747902,2
4/9/19 20:57,4/9/19 21:57,0,*******,100,3597,1,4/9/19 21:57,R_DUYiUFRbOoYjp7z,*******,*******,*******,*******,*******,*******,anonymous,EN,106,NA,NA,NA,NA,NA,NA,NA,NA,NA,NA,NA,NA,NA,NA,NA,NA,NA,NA,NA,NA,NA,NA,NA,NA,NA,NA,NA,NA,NA,NA,NA,NA,NA,NA,NA,NA,NA,NA,NA,NA,NA,NA,NA,NA,NA,NA,NA,NA,NA,NA,106,NA,NA,NA,NA,NA,NA
4/9/19 21:57,4/9/19 22:57,0,*******,100,3629,1,4/9/19 22:57,R_2qjAfjSda3RlAOK,*******,*******,*******,*******,*******,*******,anonymous,EN,107,2,2,2,4,5,2,5,1,5,5,4,5,4,4,1,1,5,5,4,1,2,2,1,2,3,1,1,1,1,1,1,2,1,1,1,2,0,0,2,0,0,18,Female,1,5,2,1,1,1,2,107,9,18,24,51,0.6890756302520984,8
4/9/19 23:02,5/9/19 0:00,0,*******,100,3508,1,5/9/19 0:00,R_1daDWpmw9ydMrcr,*******,*******,*******,*******,*******,*******,anonymous,EN,108,4,4,3,3,4,2,5,2,4,4,2,4,3,4,3,4,4,4,4,1,1,1,1,0,3,1,1,1,2,1,1,2,1,2,1,1,1,1,1,0,1,17,Male,5+,5,3,2,2,2,2,108,18,17,25,60,9.689075630252098,9
5/9/19 0:01,5/9/19 1:03,0,*******,100,3747,1,5/9/19 1:03,R_VWNdt28PNbz01s5,*******,*******,*******,*******,*******,*******,anonymous,EN,109,2,2,1,4,3,1,2,2,2,4,3,3,2,2,3,4,3,3,4,5,0,1,0,0,1,2,1,1,0,0,0,1,0,1,0,0,0,0,2,1,0,19,Male,5+,2,2,3,2,3,2,109,24,13,12,49,-1.3109243697479016,1
8/9/19 21:19,9/9/19 22:07,0,*******,100,89247,1,9/9/19 22:07,R_1N5oSlGlYXWPBGt,*******,*******,*******,*******,*******,*******,anonymous,EN,110,3,3,2,3,4,2,3,3,4,4,4,4,2,1,3,3,5,5,4,3,1,0,1,1,1,1,0,1,2,0,0,0,0,1,1,1,0,0,1,0,0,20,Female,5+,1,3,2,2,1,2,110,19,19,17,55,4.689075630252098,3
9/9/19 22:07,9/9/19 23:01,0,*******,100,3212,1,9/9/19 23:01,R_1d76MptLf8FsDI3,*******,*******,*******,*******,*******,*******,anonymous,EN,111,4,4,1,3,5,4,4,1,3,4,3,2,4,4,2,1,3,4,4,1,2,0,2,0,1,3,0,2,1,3,2,2,3,2,1,2,2,2,0,0,2,17,Female,1,3,3,1,2,2,2,111,12,15,24,51,0.6890756302520984,15
10/9/19 19:03,10/9/19 20:01,0,*******,100,3521,1,10/9/19 20:01,R_ZmCY0JvBwo3Bjax,*******,*******,*******,*******,*******,*******,anonymous,EN,112,1,2,2,4,4,1,1,1,2,4,2,1,1,1,3,3,2,4,4,1,2,0,0,0,1,1,0,1,1,0,1,0,0,0,0,0,0,2,1,0,0,18,Female,5+,2,2,2,2,2,2,112,16,9,9,34,-16.3109243697479,1
10/9/19 23:05,11/9/19 0:03,0,*******,100,3447,1,11/9/19 0:03,R_vVOMM93vOrZWA93,*******,*******,*******,*******,*******,*******,anonymous,EN,113,2,2,3,4,3,2,3,2,3,3,2,3,2,3,4,1,4,3,5,2,0,0,0,0,1,1,0,1,0,0,1,1,0,0,0,0,0,0,1,0,1,22,Male,5+,2,2,3,3,3,1,113,19,13,18,50,-0.3109243697479016,2
18/9/19 17:53,18/9/19 18:54,0,*******,100,3654,1,18/9/19 18:54,R_12F4VwEXHLqYVAo,*******,*******,*******,*******,*******,*******,anonymous,EN,114,2,2,3,4,4,1,1,1,2,5,2,1,1,1,2,1,1,2,2,2,3,2,0,2,2,2,0,1,3,1,1,3,2,0,1,1,1,2,2,2,0,18,Female,5+,2,2,2,1,4,4,114,17,8,11,36,-14.310924369747902,7
22/9/19 18:52,22/9/19 18:56,0,*******,100,248,1,22/9/19 18:56,R_yqiAFkfXpXeuU93,*******,*******,*******,*******,*******,*******,anonymous,EN,115,4,4,2,4,4,2,3,1,4,4,4,2,1,2,5,1,4,4,5,5,0,0,0,0,0,0,0,2,2,2,0,1,1,1,1,2,0,0,0,0,0,17,Male,1,3,2,2,2,2,1,115,19,16,18,53,2.6890756302520984,5
25/9/19 19:52,25/9/19 22:56,0,*******,100,11068,1,25/9/19 22:56,R_1rAOln4NOX3tmQt,*******,*******,*******,*******,*******,*******,anonymous,EN,117,3,2,2,4,5,2,4,1,3,4,1,1,3,2,2,3,3,5,5,2,1,0,1,1,2,1,2,3,2,1,2,1,3,1,1,1,1,0,1,0,0,18,Female,5+,4,2,1,2,1,1,117,13,9,19,41,-9.310924369747902,9
25/9/19 23:23,25/9/19 23:54,0,*******,100,1831,1,25/9/19 23:54,R_3oR6ixK8FDvHP7j,*******,*******,*******,*******,*******,*******,anonymous,EN,118,2,2,2,4,2,2,3,4,2,4,2,2,2,2,4,3,3,3,3,3,1,1,0,0,2,0,0,0,0,0,1,0,0,0,0,0,0,0,0,0,0,20,Male,0,2,2,4,2,3,3,118,26,11,15,52,1.6890756302520984,2
26/9/19 1:54,26/9/19 2:00,0,*******,100,368,1,26/9/19 2:00,R_22MiuTtYJqFrNMi,*******,*******,*******,*******,*******,*******,anonymous,EN,119,1,2,1,4,3,4,3,4,3,2,2,2,2,4,3,4,2,4,4,4,1,1,0,0,1,1,1,2,3,2,2,2,2,1,2,1,2,1,1,2,1,21,Female,4,1,2,3,4,2,2,119,26,10,18,54,3.6890756302520984,9
22/10/19 23:09,23/10/19 0:20,0,*******,100,4265,1,23/10/19 0:20,R_3htO48a29GNtSWH,*******,*******,*******,*******,*******,*******,anonymous,EN,120,3,2,2,4,3,2,2,2,2,4,2,2,2,2,4,2,5,4,4,1,1,0,2,0,3,2,0,1,0,2,2,2,2,2,0,2,1,1,1,0,0,19,Female,3,2,2,3,2,2,2,120,18,13,15,46,-4.310924369747902,12
23/10/19 0:56,23/10/19 1:13,0,*******,100,1075,1,23/10/19 1:13,R_2cqHSM3O3AVDXbW,*******,*******,*******,*******,*******,*******,anonymous,EN,121,4,5,4,2,4,4,2,4,4,3,4,4,4,2,3,1,4,5,4,3,0,3,0,1,1,1,0,1,1,0,1,1,1,1,2,1,0,0,0,1,2,19,Female,3,6,4,2,3,1,2,121,19,21,24,64,13.689075630252098,5
